10
banana
60
8,900000
9,300000
10-01-2021
11
cocada
12
8,900000
10,000000
10-01-2022
12
feijao
94
2,690000
2,990000
28-06-2022
13
cereal
56
1,500000
2,490000
28-05-2022
14
alface
203
0,990000
1,490000
01-06-2022
15
cebola
153
0,990000
1,690000
03-06-2022
16
bombom
97
0,490000
0,890000
20-06-2022
17
acucar
80
0,990000
1,490000
20-06-2022
18
frango
480
9,990000
15,590000
19-06-2002
19
tomate
102
1,490000
2,190000
18-06-2022
20
salame
68
8,890000
14,990000
19-06-2022
21
queijo
90
2,490000
4,890000
20-06-2022
22
garapa
71
4,990000
5,990000
19-06-2022